# Created by Octave 4.2.2, Sun Sep 09 19:59:46 2018 -03 <pablo2@lenovo>
# name: p_o
# type: matrix
# rows: 218
# columns: 1
 0
 0
 0
 0
 0
 0
 0
 0
 0
 0
 0
 0
 0
 0
 0
 0
 0
 0
 0
 0
 0
 0
 0
 0
 0
 0
 0
 0
 0
 0
 0
 0
 0
 0
 0
 0
 0
 0
 0
 0.1
 0.2
 0.3
 0.4
 0.5
 0.6
 0.7
 0.7999999999999999
 0.8999999999999999
 1
 1.095126242666431
 1.162595130860661
 1.194664804451513
 1.190433125696671
 1.155133579390965
 1.09850105934394
 1.032594788003121
 0.9695073481474558
 0.919354153504357
 0.8888419330449892
 0.8805814654011859
 0.8931656901790412
 0.921904696716235
 0.9600136473182996
 0.9999999999999999
 1.034994988992866
 1.059815405878217
 1.071613179477371
 1.070056431861822
 1.057070454493274
 1.036236514666244
 1.01199095239569
 0.9887823802766507
 0.9703320510583849
 0.9591072324468928
 0.9560683762262757
 0.960697853805129
 0.9712703434698542
 0.9852898429209719
 0.9999999999999999
 1
 1
 1
 1
 1
 1
 1
 1
 1
 1
 1
 1
 1
 1
 1
 1
 1
 1
 1
 1
 1
 1
 1
 1
 1
 1
 1
 1
 1
 1
 1
 1
 1
 1
 1
 1
 1
 1
 1
 1
 1
 1
 1
 1
 1
 1
 1
 1
 1
 1
 1
 1
 1
 1
 1
 1
 1
 1
 1
 1
 1
 1
 1
 1
 1
 1
 1
 1
 1
 1
 1
 1
 1
 1
 1
 1
 0.9
 0.8
 0.7
 0.6
 0.5
 0.4
 0.3
 0.2
 0.1
 -0
 -0.09512624266643076
 -0.1625951308606607
 -0.1946648044515132
 -0.1904331256966707
 -0.1551335793909647
 -0.09850105934394014
 -0.03259478800312079
 0.03049265185254424
 0.08064584649564305
 0.1111580669550109
 0.1194185345988141
 0.1068343098209587
 0.07809530328376497
 0.03998635268170035
 1.042117641800904e-16
 -0.03499498899286552
 -0.05981540587821742
 -0.07161317947737079
 -0.07005643186182224
 -0.05707045449327371
 -0.03623651466624378
 -0.0119909523956898
 0.01121761972334928
 0.02966794894161507
 0.04089276755310719
 0.04393162377372429
 0.03930214619487103
 0.02872965653014577
 0.01471015707902811
 7.667473114012358e-17
 0
 0
 0
 0
 0
 0
 0
 0
 0
 0
 0
 0
 0
 0
 0
 0
 0
 0
 0
 0
 0
 0
 0


# name: p_o_1
# type: matrix
# rows: 218
# columns: 1
 0
 0
 0
 0
 0
 0
 0
 0
 0
 0
 0
 0
 0
 0
 0
 0
 0
 0
 0
 0
 0
 0
 0
 0
 0
 0
 0
 0
 0
 0
 0
 0
 0
 0
 0
 0
 0
 0
 0
 0.1
 0.2
 0.3
 0.4
 0.5
 0.6
 0.7
 0.7999999999999999
 0.8999999999999999
 1
 1.095126242666431
 1.162595130860661
 1.194664804451513
 1.190433125696671
 1.155133579390965
 1.09850105934394
 1.032594788003121
 0.9695073481474558
 0.919354153504357
 0.8888419330449892
 0.8805814654011859
 0.8931656901790412
 0.921904696716235
 0.9600136473182996
 0.9999999999999999
 1.034994988992866
 1.059815405878217
 1.071613179477371
 1.070056431861822
 1.057070454493274
 1.036236514666244
 1.01199095239569
 0.9887823802766507
 0.9703320510583849
 0.9591072324468928
 0.9560683762262757
 0.960697853805129
 0.9712703434698542
 0.9852898429209719
 0.9999999999999999
 1
 1
 1
 1
 1
 1
 1
 1
 1
 1
 1
 1
 1
 1
 1
 1
 1
 1
 1
 1
 1
 1
 1
 1
 1
 1
 1
 1
 1
 1
 1
 1
 1
 1
 1
 1
 1
 1
 1
 1
 1
 1
 1
 1
 1
 1
 1
 1
 1
 1
 1
 1
 1
 1
 1
 1
 1
 1
 1
 1
 1
 1
 1
 1
 1
 1
 1
 1
 1
 1
 1
 1
 1
 1
 1
 1
 0.9
 0.8
 0.7
 0.6
 0.5
 0.4
 0.3
 0.2
 0.1
 -0
 -0.09512624266643076
 -0.1625951308606607
 -0.1946648044515132
 -0.1904331256966707
 -0.1551335793909647
 -0.09850105934394014
 -0.03259478800312079
 0.03049265185254424
 0.08064584649564305
 0.1111580669550109
 0.1194185345988141
 0.1068343098209587
 0.07809530328376497
 0.03998635268170035
 1.042117641800904e-16
 -0.03499498899286552
 -0.05981540587821742
 -0.07161317947737079
 -0.07005643186182224
 -0.05707045449327371
 -0.03623651466624378
 -0.0119909523956898
 0.01121761972334928
 0.02966794894161507
 0.04089276755310719
 0.04393162377372429
 0.03930214619487103
 0.02872965653014577
 0.01471015707902811
 7.667473114012358e-17
 0
 0
 0
 0
 0
 0
 0
 0
 0
 0
 0
 0
 0
 0
 0
 0
 0
 0
 0
 0
 0
 0
 0


# name: p_o_2
# type: matrix
# rows: 1
# columns: 119
 0 0.1 0.2 0.3 0.4 0.5 0.6 0.7 0.7999999999999999 0.8999999999999999 1 1.095126242666431 1.162595130860661 1.194664804451513 1.190433125696671 1.155133579390965 1.09850105934394 1.032594788003121 0.9695073481474558 0.919354153504357 0.8888419330449892 0.8805814654011859 0.8931656901790412 0.921904696716235 0.9600136473182996 0.9999999999999999 1.034994988992866 1.059815405878217 1.071613179477371 1.070056431861822 1.057070454493274 1.036236514666244 1.01199095239569 0.9887823802766507 0.9703320510583849 0.9591072324468928 0.9560683762262757 0.960697853805129 0.9712703434698542 0.9852898429209719 0.9999999999999999 1 1 1 1 1 1 1 1 1 1 1 1 1 1 1 1 1 1 1 1 1 1 1 1 1 1 1 1 1 1 1 1 1 1 1 1 1 1 1 1 1 1 1 1 1 1 1 1 1 1 1 1 1 1 1 1 1 1 1 1 1 1 1 1 1 1 1 1 1 1 1 1 1 1 1 1 0.9 0.8


# name: p_o_3
# type: matrix
# rows: 1
# columns: 109
 1 1.095126242666431 1.162595130860661 1.194664804451513 1.190433125696671 1.155133579390965 1.09850105934394 1.032594788003121 0.9695073481474558 0.919354153504357 0.8888419330449892 0.8805814654011859 0.8931656901790412 0.921904696716235 0.9600136473182996 0.9999999999999999 1.034994988992866 1.059815405878217 1.071613179477371 1.070056431861822 1.057070454493274 1.036236514666244 1.01199095239569 0.9887823802766507 0.9703320510583849 0.9591072324468928 0.9560683762262757 0.960697853805129 0.9712703434698542 0.9852898429209719 0.9999999999999999 1 1 1 1 1 1 1 1 1 1 1 1 1 1 1 1 1 1 1 1 1 1 1 1 1 1 1 1 1 1 1 1 1 1 1 1 1 1 1 1 1 1 1 1 1 1 1 1 1 1 1 1 1 1 1 1 1 1 1 1 1 1 1 1 1 1 1 1 1 1 1 1 1 1 1 1 0.9 0.8


